363
0 0 0 0 0 0 1 122 243
1 1 166.105 0 144.712 38.5308 2 42 82
2 2 67.4071 0 121.783 31.0621 3 16 29
3 3 159.84 0 119.729 42.1843 4 8 12
4 4 71.9693 0 144.413 46.7196 5 6 7
5 5 40.7168 0 119.051 49.8611 0 0 0
6 5 40.7168 0 -100.004 31.9274 0 0 0
7 5 40.7168 0 -13.1669 44.998 0 0 0
8 4 71.9693 0 -100.004 31.9274 9 10 11
9 5 156.684 0 141.432 43.8439 0 0 0
10 5 156.684 0 -100.004 31.9274 0 0 0
11 5 156.684 0 -13.1669 44.998 0 0 0
12 4 71.9693 0 -13.1669 44.998 13 14 15
13 5 17.3469 0 133.092 45.716 0 0 0
14 5 17.3469 0 -100.004 31.9274 0 0 0
15 5 17.3469 0 -13.1669 44.998 0 0 0
16 3 159.84 0 -100.004 31.9274 17 21 25
17 4 156.684 0 141.432 43.8439 18 19 20
18 5 66.3779 0 139.804 38.9209 0 0 0
19 5 66.3779 0 -100.004 31.9274 0 0 0
20 5 66.3779 0 -13.1669 44.998 0 0 0
21 4 156.684 0 -100.004 31.9274 22 23 24
22 5 156.684 0 141.432 43.8439 0 0 0
23 5 156.684 0 -100.004 31.9274 0 0 0
24 5 156.684 0 -13.1669 44.998 0 0 0
25 4 156.684 0 -13.1669 44.998 26 27 28
26 5 17.3469 0 133.092 45.716 0 0 0
27 5 17.3469 0 -100.004 31.9274 0 0 0
28 5 17.3469 0 -13.1669 44.998 0 0 0
29 3 159.84 0 -13.1669 44.998 30 34 38
30 4 17.3469 0 133.092 45.716 31 32 33
31 5 124.595 0 144.956 44.9019 0 0 0
32 5 124.595 0 -100.004 31.9274 0 0 0
33 5 124.595 0 -13.1669 44.998 0 0 0
34 4 17.3469 0 -100.004 31.9274 35 36 37
35 5 156.684 0 141.432 43.8439 0 0 0
36 5 156.684 0 -100.004 31.9274 0 0 0
37 5 156.684 0 -13.1669 44.998 0 0 0
38 4 17.3469 0 -13.1669 44.998 39 40 41
39 5 17.3469 0 133.092 45.716 0 0 0
40 5 17.3469 0 -100.004 31.9274 0 0 0
41 5 17.3469 0 -13.1669 44.998 0 0 0
42 2 67.4071 0 -100.004 31.9274 43 56 69
43 3 156.684 0 141.432 43.8439 44 48 52
44 4 66.3779 0 139.804 38.9209 45 46 47
45 5 63.6711 0 120.409 37.8859 0 0 0
46 5 63.6711 0 -100.004 31.9274 0 0 0
47 5 63.6711 0 -13.1669 44.998 0 0 0
48 4 66.3779 0 -100.004 31.9274 49 50 51
49 5 156.684 0 141.432 43.8439 0 0 0
50 5 156.684 0 -100.004 31.9274 0 0 0
51 5 156.684 0 -13.1669 44.998 0 0 0
52 4 66.3779 0 -13.1669 44.998 53 54 55
53 5 17.3469 0 133.092 45.716 0 0 0
54 5 17.3469 0 -100.004 31.9274 0 0 0
55 5 17.3469 0 -13.1669 44.998 0 0 0
56 3 156.684 0 -100.004 31.9274 57 61 65
57 4 156.684 0 141.432 43.8439 58 59 60
58 5 66.3779 0 139.804 38.9209 0 0 0
59 5 66.3779 0 -100.004 31.9274 0 0 0
60 5 66.3779 0 -13.1669 44.998 0 0 0
61 4 156.684 0 -100.004 31.9274 62 63 64
62 5 156.684 0 141.432 43.8439 0 0 0
63 5 156.684 0 -100.004 31.9274 0 0 0
64 5 156.684 0 -13.1669 44.998 0 0 0
65 4 156.684 0 -13.1669 44.998 66 67 68
66 5 17.3469 0 133.092 45.716 0 0 0
67 5 17.3469 0 -100.004 31.9274 0 0 0
68 5 17.3469 0 -13.1669 44.998 0 0 0
69 3 156.684 0 -13.1669 44.998 70 74 78
70 4 17.3469 0 133.092 45.716 71 72 73
71 5 124.595 0 144.956 44.9019 0 0 0
72 5 124.595 0 -100.004 31.9274 0 0 0
73 5 124.595 0 -13.1669 44.998 0 0 0
74 4 17.3469 0 -100.004 31.9274 75 76 77
75 5 156.684 0 141.432 43.8439 0 0 0
76 5 156.684 0 -100.004 31.9274 0 0 0
77 5 156.684 0 -13.1669 44.998 0 0 0
78 4 17.3469 0 -13.1669 44.998 79 80 81
79 5 17.3469 0 133.092 45.716 0 0 0
80 5 17.3469 0 -100.004 31.9274 0 0 0
81 5 17.3469 0 -13.1669 44.998 0 0 0
82 2 67.4071 0 -13.1669 44.998 83 96 109
83 3 17.3469 0 133.092 45.716 84 88 92
84 4 124.595 0 144.956 44.9019 85 86 87
85 5 80.2883 0 139.301 35.2044 0 0 0
86 5 80.2883 0 -100.004 31.9274 0 0 0
87 5 80.2883 0 -13.1669 44.998 0 0 0
88 4 124.595 0 -100.004 31.9274 89 90 91
89 5 156.684 0 141.432 43.8439 0 0 0
90 5 156.684 0 -100.004 31.9274 0 0 0
91 5 156.684 0 -13.1669 44.998 0 0 0
92 4 124.595 0 -13.1669 44.998 93 94 95
93 5 17.3469 0 133.092 45.716 0 0 0
94 5 17.3469 0 -100.004 31.9274 0 0 0
95 5 17.3469 0 -13.1669 44.998 0 0 0
96 3 17.3469 0 -100.004 31.9274 97 101 105
97 4 156.684 0 141.432 43.8439 98 99 100
98 5 66.3779 0 139.804 38.9209 0 0 0
99 5 66.3779 0 -100.004 31.9274 0 0 0
100 5 66.3779 0 -13.1669 44.998 0 0 0
101 4 156.684 0 -100.004 31.9274 102 103 104
102 5 156.684 0 141.432 43.8439 0 0 0
103 5 156.684 0 -100.004 31.9274 0 0 0
104 5 156.684 0 -13.1669 44.998 0 0 0
105 4 156.684 0 -13.1669 44.998 106 107 108
106 5 17.3469 0 133.092 45.716 0 0 0
107 5 17.3469 0 -100.004 31.9274 0 0 0
108 5 17.3469 0 -13.1669 44.998 0 0 0
109 3 17.3469 0 -13.1669 44.998 110 114 118
110 4 17.3469 0 133.092 45.716 111 112 113
111 5 124.595 0 144.956 44.9019 0 0 0
112 5 124.595 0 -100.004 31.9274 0 0 0
113 5 124.595 0 -13.1669 44.998 0 0 0
114 4 17.3469 0 -100.004 31.9274 115 116 117
115 5 156.684 0 141.432 43.8439 0 0 0
116 5 156.684 0 -100.004 31.9274 0 0 0
117 5 156.684 0 -13.1669 44.998 0 0 0
118 4 17.3469 0 -13.1669 44.998 119 120 121
119 5 17.3469 0 133.092 45.716 0 0 0
120 5 17.3469 0 -100.004 31.9274 0 0 0
121 5 17.3469 0 -13.1669 44.998 0 0 0
122 1 166.105 0 -100.004 31.9274 123 163 203
123 2 156.684 0 141.432 43.8439 124 137 150
124 3 66.3779 0 139.804 38.9209 125 129 133
125 4 63.6711 0 120.409 37.8859 126 127 128
126 5 139.822 0 133.032 44.3108 0 0 0
127 5 139.822 0 -100.004 31.9274 0 0 0
128 5 139.822 0 -13.1669 44.998 0 0 0
129 4 63.6711 0 -100.004 31.9274 130 131 132
130 5 156.684 0 141.432 43.8439 0 0 0
131 5 156.684 0 -100.004 31.9274 0 0 0
132 5 156.684 0 -13.1669 44.998 0 0 0
133 4 63.6711 0 -13.1669 44.998 134 135 136
134 5 17.3469 0 133.092 45.716 0 0 0
135 5 17.3469 0 -100.004 31.9274 0 0 0
136 5 17.3469 0 -13.1669 44.998 0 0 0
137 3 66.3779 0 -100.004 31.9274 138 142 146
138 4 156.684 0 141.432 43.8439 139 140 141
139 5 66.3779 0 139.804 38.9209 0 0 0
140 5 66.3779 0 -100.004 31.9274 0 0 0
141 5 66.3779 0 -13.1669 44.998 0 0 0
142 4 156.684 0 -100.004 31.9274 143 144 145
143 5 156.684 0 141.432 43.8439 0 0 0
144 5 156.684 0 -100.004 31.9274 0 0 0
145 5 156.684 0 -13.1669 44.998 0 0 0
146 4 156.684 0 -13.1669 44.998 147 148 149
147 5 17.3469 0 133.092 45.716 0 0 0
148 5 17.3469 0 -100.004 31.9274 0 0 0
149 5 17.3469 0 -13.1669 44.998 0 0 0
150 3 66.3779 0 -13.1669 44.998 151 155 159
151 4 17.3469 0 133.092 45.716 152 153 154
152 5 124.595 0 144.956 44.9019 0 0 0
153 5 124.595 0 -100.004 31.9274 0 0 0
154 5 124.595 0 -13.1669 44.998 0 0 0
155 4 17.3469 0 -100.004 31.9274 156 157 158
156 5 156.684 0 141.432 43.8439 0 0 0
157 5 156.684 0 -100.004 31.9274 0 0 0
158 5 156.684 0 -13.1669 44.998 0 0 0
159 4 17.3469 0 -13.1669 44.998 160 161 162
160 5 17.3469 0 133.092 45.716 0 0 0
161 5 17.3469 0 -100.004 31.9274 0 0 0
162 5 17.3469 0 -13.1669 44.998 0 0 0
163 2 156.684 0 -100.004 31.9274 164 177 190
164 3 156.684 0 141.432 43.8439 165 169 173
165 4 66.3779 0 139.804 38.9209 166 167 168
166 5 63.6711 0 120.409 37.8859 0 0 0
167 5 63.6711 0 -100.004 31.9274 0 0 0
168 5 63.6711 0 -13.1669 44.998 0 0 0
169 4 66.3779 0 -100.004 31.9274 170 171 172
170 5 156.684 0 141.432 43.8439 0 0 0
171 5 156.684 0 -100.004 31.9274 0 0 0
172 5 156.684 0 -13.1669 44.998 0 0 0
173 4 66.3779 0 -13.1669 44.998 174 175 176
174 5 17.3469 0 133.092 45.716 0 0 0
175 5 17.3469 0 -100.004 31.9274 0 0 0
176 5 17.3469 0 -13.1669 44.998 0 0 0
177 3 156.684 0 -100.004 31.9274 178 182 186
178 4 156.684 0 141.432 43.8439 179 180 181
179 5 66.3779 0 139.804 38.9209 0 0 0
180 5 66.3779 0 -100.004 31.9274 0 0 0
181 5 66.3779 0 -13.1669 44.998 0 0 0
182 4 156.684 0 -100.004 31.9274 183 184 185
183 5 156.684 0 141.432 43.8439 0 0 0
184 5 156.684 0 -100.004 31.9274 0 0 0
185 5 156.684 0 -13.1669 44.998 0 0 0
186 4 156.684 0 -13.1669 44.998 187 188 189
187 5 17.3469 0 133.092 45.716 0 0 0
188 5 17.3469 0 -100.004 31.9274 0 0 0
189 5 17.3469 0 -13.1669 44.998 0 0 0
190 3 156.684 0 -13.1669 44.998 191 195 199
191 4 17.3469 0 133.092 45.716 192 193 194
192 5 124.595 0 144.956 44.9019 0 0 0
193 5 124.595 0 -100.004 31.9274 0 0 0
194 5 124.595 0 -13.1669 44.998 0 0 0
195 4 17.3469 0 -100.004 31.9274 196 197 198
196 5 156.684 0 141.432 43.8439 0 0 0
197 5 156.684 0 -100.004 31.9274 0 0 0
198 5 156.684 0 -13.1669 44.998 0 0 0
199 4 17.3469 0 -13.1669 44.998 200 201 202
200 5 17.3469 0 133.092 45.716 0 0 0
201 5 17.3469 0 -100.004 31.9274 0 0 0
202 5 17.3469 0 -13.1669 44.998 0 0 0
203 2 156.684 0 -13.1669 44.998 204 217 230
204 3 17.3469 0 133.092 45.716 205 209 213
205 4 124.595 0 144.956 44.9019 206 207 208
206 5 80.2883 0 139.301 35.2044 0 0 0
207 5 80.2883 0 -100.004 31.9274 0 0 0
208 5 80.2883 0 -13.1669 44.998 0 0 0
209 4 124.595 0 -100.004 31.9274 210 211 212
210 5 156.684 0 141.432 43.8439 0 0 0
211 5 156.684 0 -100.004 31.9274 0 0 0
212 5 156.684 0 -13.1669 44.998 0 0 0
213 4 124.595 0 -13.1669 44.998 214 215 216
214 5 17.3469 0 133.092 45.716 0 0 0
215 5 17.3469 0 -100.004 31.9274 0 0 0
216 5 17.3469 0 -13.1669 44.998 0 0 0
217 3 17.3469 0 -100.004 31.9274 218 222 226
218 4 156.684 0 141.432 43.8439 219 220 221
219 5 66.3779 0 139.804 38.9209 0 0 0
220 5 66.3779 0 -100.004 31.9274 0 0 0
221 5 66.3779 0 -13.1669 44.998 0 0 0
222 4 156.684 0 -100.004 31.9274 223 224 225
223 5 156.684 0 141.432 43.8439 0 0 0
224 5 156.684 0 -100.004 31.9274 0 0 0
225 5 156.684 0 -13.1669 44.998 0 0 0
226 4 156.684 0 -13.1669 44.998 227 228 229
227 5 17.3469 0 133.092 45.716 0 0 0
228 5 17.3469 0 -100.004 31.9274 0 0 0
229 5 17.3469 0 -13.1669 44.998 0 0 0
230 3 17.3469 0 -13.1669 44.998 231 235 239
231 4 17.3469 0 133.092 45.716 232 233 234
232 5 124.595 0 144.956 44.9019 0 0 0
233 5 124.595 0 -100.004 31.9274 0 0 0
234 5 124.595 0 -13.1669 44.998 0 0 0
235 4 17.3469 0 -100.004 31.9274 236 237 238
236 5 156.684 0 141.432 43.8439 0 0 0
237 5 156.684 0 -100.004 31.9274 0 0 0
238 5 156.684 0 -13.1669 44.998 0 0 0
239 4 17.3469 0 -13.1669 44.998 240 241 242
240 5 17.3469 0 133.092 45.716 0 0 0
241 5 17.3469 0 -100.004 31.9274 0 0 0
242 5 17.3469 0 -13.1669 44.998 0 0 0
243 1 166.105 0 -13.1669 44.998 244 284 324
244 2 17.3469 0 133.092 45.716 245 258 271
245 3 124.595 0 144.956 44.9019 246 250 254
246 4 80.2883 0 139.301 35.2044 247 248 249
247 5 70.9729 0 143.801 41.5158 0 0 0
248 5 70.9729 0 -100.004 31.9274 0 0 0
249 5 70.9729 0 -13.1669 44.998 0 0 0
250 4 80.2883 0 -100.004 31.9274 251 252 253
251 5 156.684 0 141.432 43.8439 0 0 0
252 5 156.684 0 -100.004 31.9274 0 0 0
253 5 156.684 0 -13.1669 44.998 0 0 0
254 4 80.2883 0 -13.1669 44.998 255 256 257
255 5 17.3469 0 133.092 45.716 0 0 0
256 5 17.3469 0 -100.004 31.9274 0 0 0
257 5 17.3469 0 -13.1669 44.998 0 0 0
258 3 124.595 0 -100.004 31.9274 259 263 267
259 4 156.684 0 141.432 43.8439 260 261 262
260 5 66.3779 0 139.804 38.9209 0 0 0
261 5 66.3779 0 -100.004 31.9274 0 0 0
262 5 66.3779 0 -13.1669 44.998 0 0 0
263 4 156.684 0 -100.004 31.9274 264 265 266
264 5 156.684 0 141.432 43.8439 0 0 0
265 5 156.684 0 -100.004 31.9274 0 0 0
266 5 156.684 0 -13.1669 44.998 0 0 0
267 4 156.684 0 -13.1669 44.998 268 269 270
268 5 17.3469 0 133.092 45.716 0 0 0
269 5 17.3469 0 -100.004 31.9274 0 0 0
270 5 17.3469 0 -13.1669 44.998 0 0 0
271 3 124.595 0 -13.1669 44.998 272 276 280
272 4 17.3469 0 133.092 45.716 273 274 275
273 5 124.595 0 144.956 44.9019 0 0 0
274 5 124.595 0 -100.004 31.9274 0 0 0
275 5 124.595 0 -13.1669 44.998 0 0 0
276 4 17.3469 0 -100.004 31.9274 277 278 279
277 5 156.684 0 141.432 43.8439 0 0 0
278 5 156.684 0 -100.004 31.9274 0 0 0
279 5 156.684 0 -13.1669 44.998 0 0 0
280 4 17.3469 0 -13.1669 44.998 281 282 283
281 5 17.3469 0 133.092 45.716 0 0 0
282 5 17.3469 0 -100.004 31.9274 0 0 0
283 5 17.3469 0 -13.1669 44.998 0 0 0
284 2 17.3469 0 -100.004 31.9274 285 298 311
285 3 156.684 0 141.432 43.8439 286 290 294
286 4 66.3779 0 139.804 38.9209 287 288 289
287 5 63.6711 0 120.409 37.8859 0 0 0
288 5 63.6711 0 -100.004 31.9274 0 0 0
289 5 63.6711 0 -13.1669 44.998 0 0 0
290 4 66.3779 0 -100.004 31.9274 291 292 293
291 5 156.684 0 141.432 43.8439 0 0 0
292 5 156.684 0 -100.004 31.9274 0 0 0
293 5 156.684 0 -13.1669 44.998 0 0 0
294 4 66.3779 0 -13.1669 44.998 295 296 297
295 5 17.3469 0 133.092 45.716 0 0 0
296 5 17.3469 0 -100.004 31.9274 0 0 0
297 5 17.3469 0 -13.1669 44.998 0 0 0
298 3 156.684 0 -100.004 31.9274 299 303 307
299 4 156.684 0 141.432 43.8439 300 301 302
300 5 66.3779 0 139.804 38.9209 0 0 0
301 5 66.3779 0 -100.004 31.9274 0 0 0
302 5 66.3779 0 -13.1669 44.998 0 0 0
303 4 156.684 0 -100.004 31.9274 304 305 306
304 5 156.684 0 141.432 43.8439 0 0 0
305 5 156.684 0 -100.004 31.9274 0 0 0
306 5 156.684 0 -13.1669 44.998 0 0 0
307 4 156.684 0 -13.1669 44.998 308 309 310
308 5 17.3469 0 133.092 45.716 0 0 0
309 5 17.3469 0 -100.004 31.9274 0 0 0
310 5 17.3469 0 -13.1669 44.998 0 0 0
311 3 156.684 0 -13.1669 44.998 312 316 320
312 4 17.3469 0 133.092 45.716 313 314 315
313 5 124.595 0 144.956 44.9019 0 0 0
314 5 124.595 0 -100.004 31.9274 0 0 0
315 5 124.595 0 -13.1669 44.998 0 0 0
316 4 17.3469 0 -100.004 31.9274 317 318 319
317 5 156.684 0 141.432 43.8439 0 0 0
318 5 156.684 0 -100.004 31.9274 0 0 0
319 5 156.684 0 -13.1669 44.998 0 0 0
320 4 17.3469 0 -13.1669 44.998 321 322 323
321 5 17.3469 0 133.092 45.716 0 0 0
322 5 17.3469 0 -100.004 31.9274 0 0 0
323 5 17.3469 0 -13.1669 44.998 0 0 0
324 2 17.3469 0 -13.1669 44.998 325 338 351
325 3 17.3469 0 133.092 45.716 326 330 334
326 4 124.595 0 144.956 44.9019 327 328 329
327 5 80.2883 0 139.301 35.2044 0 0 0
328 5 80.2883 0 -100.004 31.9274 0 0 0
329 5 80.2883 0 -13.1669 44.998 0 0 0
330 4 124.595 0 -100.004 31.9274 331 332 333
331 5 156.684 0 141.432 43.8439 0 0 0
332 5 156.684 0 -100.004 31.9274 0 0 0
333 5 156.684 0 -13.1669 44.998 0 0 0
334 4 124.595 0 -13.1669 44.998 335 336 337
335 5 17.3469 0 133.092 45.716 0 0 0
336 5 17.3469 0 -100.004 31.9274 0 0 0
337 5 17.3469 0 -13.1669 44.998 0 0 0
338 3 17.3469 0 -100.004 31.9274 339 343 347
339 4 156.684 0 141.432 43.8439 340 341 342
340 5 66.3779 0 139.804 38.9209 0 0 0
341 5 66.3779 0 -100.004 31.9274 0 0 0
342 5 66.3779 0 -13.1669 44.998 0 0 0
343 4 156.684 0 -100.004 31.9274 344 345 346
344 5 156.684 0 141.432 43.8439 0 0 0
345 5 156.684 0 -100.004 31.9274 0 0 0
346 5 156.684 0 -13.1669 44.998 0 0 0
347 4 156.684 0 -13.1669 44.998 348 349 350
348 5 17.3469 0 133.092 45.716 0 0 0
349 5 17.3469 0 -100.004 31.9274 0 0 0
350 5 17.3469 0 -13.1669 44.998 0 0 0
351 3 17.3469 0 -13.1669 44.998 352 356 360
352 4 17.3469 0 133.092 45.716 353 354 355
353 5 124.595 0 144.956 44.9019 0 0 0
354 5 124.595 0 -100.004 31.9274 0 0 0
355 5 124.595 0 -13.1669 44.998 0 0 0
356 4 17.3469 0 -100.004 31.9274 357 358 359
357 5 156.684 0 141.432 43.8439 0 0 0
358 5 156.684 0 -100.004 31.9274 0 0 0
359 5 156.684 0 -13.1669 44.998 0 0 0
360 4 17.3469 0 -13.1669 44.998 361 362 363
361 5 17.3469 0 133.092 45.716 0 0 0
362 5 17.3469 0 -100.004 31.9274 0 0 0
363 5 17.3469 0 -13.1669 44.998 0 0 0
